"chromgene" "startgene" "endgene" "chromsnp" "startsnp" "endsnp" "typeregion"
2 66250331 66255445 12 17993937 17993937 "LORe"
2 79282672 79303162 12 12309558 12309558 "LORe"
2 69589882 69605418 12 17957488 17957488 "LORe"
3 88263660 88266629 6 25523898 25523898 "LORe"
3 78979042 78987155 6 22371626 22371626 "LORe"
12 18407460 18460068 2 65455986 65455986 "LORe"
6 50238812 50273025 15 26623522 26623522 "AORe"
8 19213681 19228125 4 14774353 14774353 "LORe"
2 7563538 7590018 5 81458656 81458656 "LORe"
6 11587334 11597875 3 89719070 89719070 "LORe"
3 94246802 94273372 6 17205763 17205763 "LORe"
3 35063216 35117083 14 32499888 32499888 "AORe"
14 67540037 67549482 27 10383745 10383745 "AORe"
6 47462485 47535995 3 54084200 54084200 "LORe"
7 59369240 59383029 17 75468256 75468256 "LORe"
5 75241920 75257346 2 17250509 17250509 "LORe"
7 62678449 62690691 17 61736610 61736610 "LORe"
1 69005763 69009919 18 5032978 5032978 "AORe"
10 18998914 19001490 16 52255120 52255120 "AORe"
13 22612527 22620768 15 68037608 68037608 "AORe"
7 55988914 55990708 17 61544626 61544626 "LORe"
16 93611891 93633210 17 44208260 44208260 "LORe"
11 43919638 43927044 26 45308118 45308118 "LORe"
26 45269197 45284653 11 6681011 6681011 "LORe"
3 25329203 25335146 14 32499888 32499888 "AORe"
11 38104602 38127559 26 34920950 34920950 "LORe"
7 66522874 66526296 17 62249550 62249550 "LORe"
2 24478792 24482466 5 65362154 65362154 "LORe"
4 1974745 1980950 8 17822544 17822544 "LORe"
17 85162108 85220153 7 51373538 51373538 "LORe"
17 85057709 85063388 7 52763932 52763932 "LORe"
17 80721958 80776798 7 37618448 37618448 "LORe"
17 66007438 66072580 7 41542548 41542548 "LORe"
22 28268556 28286441 12 74160995 74160995 "AORe"
5 84351986 84360636 2 16738303 16738303 "LORe"
5 63462232 63467860 2 31204538 31204538 "LORe"
17 43039155 43051239 16 71556573 71556573 "LORe"
10 35360975 35366080 23 17995714 17995714 "AORe"
17 44131629 44203596 16 75397663 75397663 "LORe"
16 73878546 73901669 17 25632704 25632704 "LORe"
9 138941779 138974305 20 86837207 86837207 "AORe"
5 81550729 81552141 2 12146644 12146644 "LORe"
2 54729541 54750055 12 35187928 35187928 "LORe"
12 67976756 67989023 22 28852814 28852814 "AORe"
11 32705114 32711713 26 27034815 27034815 "LORe"
3 3572442 3588680 14 48482069 48482069 "AORe"
11 10477038 10485676 26 10365754 10365754 "LORe"
3 3446772 3487590 14 50871630 50871630 "AORe"
6 29109691 29111438 3 72801937 72801937 "LORe"
27 12330315 12358640 14 66955223 66955223 "AORe"
26 21918638 21925810 11 20882017 20882017 "LORe"
3 88752149 88892596 6 23964808 23964808 "LORe"
26 44294329 44305689 11 39847710 39847710 "LORe"
3 83121841 83127967 6 23216536 23216536 "LORe"
5 59937147 59953799 2 37549372 37549372 "LORe"
7 50039520 50061216 17 61506174 61506174 "LORe"
26 10696840 10753541 11 20884587 20884587 "LORe"
5 32213002 32227428 9 71590306 71590306 "AORe"
4 8299519 8305799 8 19494889 19494889 "LORe"
17 61112844 61121598 7 49262314 49262314 "LORe"
21 11893867 11915765 25 12644383 12644383 "AORe"
2 65535250 65552408 12 30461616 30461616 "LORe"
5 42743838 42773707 9 69841361 69841361 "AORe"
3 40851012 40864819 14 39962940 39962940 "AORe"
3 74209316 74215271 6 32022148 32022148 "LORe"
20 64863102 64908466 9 128293734 128293734 "AORe"
27 30220233 30222076 14 78429416 78429416 "AORe"
3 3729040 3782812 14 51354372 51354372 "AORe"
7 66491701 66519096 17 60121525 60121525 "LORe"
21 12331747 12371751 25 14886097 14886097 "AORe"
12 60472147 60476852 22 32436761 32436761 "AORe"
7 43165712 43183805 17 58675294 58675294 "LORe"
26 18267960 18422486 11 20884914 20884914 "LORe"
7 63480345 63491382 17 57645078 57645078 "LORe"
26 45380570 45516573 11 20902908 20902908 "LORe"
3 35815140 35818229 14 27623989 27623989 "AORe"
3 35922021 35923751 14 40150889 40150889 "AORe"
3 35923541 35943383 14 40168953 40168953 "AORe"
5 68260616 68429560 2 25889127 25889127 "LORe"
17 57203099 57265355 7 40210758 40210758 "LORe"
26 13379882 13392936 11 20882017 20882017 "LORe"
5 83319427 83336253 2 18219589 18219589 "LORe"
5 33440479 33489881 9 59906088 59906088 "AORe"
11 58303493 58307663 26 54441683 54441683 "LORe"
10 26373069 26416350 23 22213359 22213359 "AORe"
26 41618622 41629450 11 40231798 40231798 "LORe"
5 27429858 27436090 9 74499229 74499229 "AORe"
3 27198486 27207814 14 32499888 32499888 "AORe"
3 44334591 44335783 14 37274570 37274570 "AORe"
26 40342166 40496871 11 35839738 35839738 "LORe"
3 44596495 44615303 14 32499888 32499888 "AORe"
26 11378554 11428044 11 20882017 20882017 "LORe"
7 40982231 41012924 17 53254351 53254351 "LORe"
12 34828704 34839813 2 52478466 52478466 "LORe"
6 35129206 35147912 3 72892187 72892187 "LORe"
26 40326891 40339295 11 20882017 20882017 "LORe"
23 2158809 2165316 3 49465974 49465974 "LORe"
26 18890207 18957076 11 20882017 20882017 "LORe"
17 19014619 19019631 16 71956277 71956277 "LORe"
9 66824313 66832316 5 32680463 32680463 "AORe"
22 25852282 25969778 12 60779762 60779762 "AORe"
20 29521243 29564402 24 24714737 24714737 "AORe"
11 41244025 41298669 26 12649268 12649268 "LORe"
10 96758572 96767373 17 1501044 1501044 "LORe"
26 19206173 19260487 11 20867515 20867515 "LORe"
11 39290264 39326694 26 20293732 20293732 "LORe"
27 8152258 8174269 14 64175079 64175079 "AORe"
2 61407172 61420018 12 29076868 29076868 "LORe"
27 8330062 8359839 14 63717685 63717685 "AORe"
3 40323916 40333449 14 32499888 32499888 "AORe"
6 31967395 31983125 3 69862100 69862100 "LORe"
2 68195661 68199816 12 29400338 29400338 "LORe"
6 3459008 3543785 3 92361035 92361035 "LORe"
5 86193704 86196331 2 20776427 20776427 "LORe"
24 7163393 7173916 20 21465153 21465153 "AORe"
24 7708309 7710518 20 19310157 19310157 "AORe"
3 78473984 78537728 6 25524555 25524555 "LORe"
12 5728714 5745197 2 83254768 83254768 "LORe"
4 1510531 1520885 8 20293198 20293198 "LORe"
6 37784145 37794343 3 70651347 70651347 "LORe"
5 77077354 77086872 2 20651159 20651159 "LORe"
17 81256811 81261845 7 56580022 56580022 "LORe"
8 23177665 23184780 4 8395850 8395850 "LORe"
5 75081688 75136305 2 14459340 14459340 "LORe"
9 116389282 116431445 20 71572394 71572394 "AORe"
10 122361933 122366462 23 44209247 44209247 "AORe"
6 32750176 32836391 3 68202430 68202430 "LORe"
17 77895374 77913326 7 50833008 50833008 "LORe"
6 1330302 1368977 3 96416465 96416465 "LORe"
7 59296821 59299364 17 62354384 62354384 "LORe"
5 83365880 83382419 2 17250509 17250509 "LORe"
7 65532598 65693062 17 62355402 62355402 "LORe"
11 43993329 44005827 26 47258390 47258390 "LORe"
2 8722798 8780435 5 77831331 77831331 "LORe"
7 61209268 61234987 17 65099094 65099094 "LORe"
12 90319777 90333197 22 27080826 27080826 "AORe"
2 165810 222816 5 77831331 77831331 "LORe"
6 20641659 20669584 3 80745001 80745001 "LORe"
7 63255680 63335827 17 70858273 70858273 "LORe"
6 37736165 37784288 3 70651347 70651347 "LORe"
7 62161302 62218624 17 70858273 70858273 "LORe"
17 85318217 85322012 7 47024361 47024361 "LORe"
6 2674207 2681562 3 97442425 97442425 "LORe"
5 83627177 83652174 2 14533912 14533912 "LORe"
10 96990743 96997123 17 1499146 1499146 "LORe"
17 44425642 44539236 16 74380086 74380086 "LORe"
5 84750206 84775323 2 16733435 16733435 "LORe"
2 64367197 64372433 12 28955159 28955159 "LORe"
2 16894100 16898252 5 77527687 77527687 "LORe"
5 85402442 85427294 2 17252791 17252791 "LORe"
16 79897839 79902378 17 17241483 17241483 "LORe"
4 6284702 6318116 8 19351628 19351628 "LORe"
12 3383978 3394009 2 93353219 93353219 "LORe"
12 16524809 16539315 2 61931653 61931653 "LORe"
17 85183716 85190424 7 51409162 51409162 "LORe"
5 75688467 75692474 2 17943161 17943161 "LORe"
17 81710583 81797156 7 47494767 47494767 "LORe"
6 12056953 12081700 3 89858246 89858246 "LORe"
17 36296432 36350877 16 86648845 86648845 "LORe"
4 6340018 6371412 8 19351628 19351628 "LORe"
17 71207761 71380607 7 49512452 49512452 "LORe"
26 50541491 50562926 11 12147565 12147565 "LORe"
6 3133645 3194924 3 97448865 97448865 "LORe"
3 93913983 93935597 6 13150032 13150032 "LORe"
6 3195691 3262459 3 94509615 94509615 "LORe"
2 2230520 2259830 5 73593479 73593479 "LORe"
3 36046805 36056191 14 40168953 40168953 "AORe"
4 4215526 4268468 8 19399253 19399253 "LORe"
2 5516167 5572553 5 77415452 77415452 "LORe"
2 17145478 17147026 5 76206623 76206623 "LORe"
24 7514219 7524524 20 16620791 16620791 "AORe"
12 32356336 32362154 2 54259456 54259456 "LORe"
2 13626506 13701893 5 73593479 73593479 "LORe"
8 24471847 24474100 4 8965952 8965952 "LORe"
12 34842782 34847527 2 52478466 52478466 "LORe"
17 43194185 43215105 16 70350505 70350505 "LORe"
7 68640538 68843525 17 60841692 60841692 "LORe"
5 80673359 80683668 2 20080055 20080055 "LORe"
7 51027578 51030017 17 64446963 64446963 "LORe"
7 59425593 59543689 17 60262654 60262654 "LORe"
7 59241376 59299087 17 62355402 62355402 "LORe"
7 66465811 66476779 17 53426443 53426443 "LORe"
2 471097 491252 5 73734304 73734304 "LORe"
11 15013506 15031755 26 14792497 14792497 "LORe"
11 24193130 24200399 26 14881401 14881401 "LORe"
8 24259835 24321350 4 7229802 7229802 "LORe"
10 96912566 96969082 17 1501044 1501044 "LORe"
12 18904095 18949755 2 56110289 56110289 "LORe"
7 21072335 21106077 18 71477214 71477214 "AORe"
7 57728918 57758595 17 68342153 68342153 "LORe"
11 38167566 38174827 26 27976437 27976437 "LORe"
2 89820924 89910155 2 84968661 84968661 "LORe"
6 28907170 28913125 3 72829123 72829123 "LORe"
7 57650761 57723521 17 63161898 63161898 "LORe"
11 30330399 30392124 26 30639767 30639767 "LORe"
6 2847547 2873072 3 97553778 97553778 "LORe"
11 22241956 22712303 26 19457921 19457921 "LORe"
2 89149774 89622241 2 84882918 84882918 "LORe"
17 77279349 77293465 7 47230998 47230998 "LORe"
6 35456430 35457724 3 70651347 70651347 "LORe"
16 93704227 93710761 17 44208260 44208260 "LORe"
4 6586832 6597003 8 19356691 19356691 "LORe"
5 30551376 30565075 9 71543092 71543092 "AORe"
2 5575861 5677232 5 73010591 73010591 "LORe"
25 10583006 10604155 21 15639776 15639776 "AORe"
17 78077091 78077778 7 45750606 45750606 "LORe"
4 6071818 6232119 8 19351628 19351628 "LORe"
20 52112691 52113945 9 133677167 133677167 "AORe"
17 85250369 85255655 7 51379201 51379201 "LORe"
26 37033642 37145381 11 20884587 20884587 "LORe"
5 76881332 76897122 2 21674667 21674667 "LORe"
